 4  20 15 3  21 1  21 7  23 26 26 6  6  6  22 3  26 29 21 5  15 2  11 18 5  24 2  3  21 6 
 19 25 26 4  28 17 5  19 24 27 16 20 3  21 26 24 24 22 24 15 27 9  17 8  26 21 3  28 24 24
 5  13 20 1  17 18 18 21 8  12 19 23 3  21 15 29 16 9  22 10 24 19 19 11 27 15 3  1  14 27
 24 18 11 14 18 27 3  7  19 11 19 8  4  22 28 19 21 15 28 13 24 22 2  13 4  29 28 7  29 13
 4  23 1  14 8  19 12 11 25 1  21 15 8  25 7  7  14 27 21 13 10 16 6  11 29 9  10 28 16 10
 11 19 3  12 4  11 1  15 21 26 16 13 11 24 8  17 1  22 15 22 6  24 9  11 6  9  20 16 7  6 
 25 18 25 27 29 29 9  1  14 1  27 1  13 9  24 21 26 25 14 11 18 19 5  27 1  10 6  20 25 13
 26 20 1  21 18 29 20 27 1  5  27 27 6  11 7  29 2  3  25 16 13 14 5  18 11 5  28 17 25 24
 29 21 15 29 13 3  29 3  29 29 8  27 27 13 8  5  13 9  7  9  25 20 22 29 9  4  5  7  20 1 
 1  19 21 15 18 5  18 18 7  18 18 15 15 15 28 22 20 11 2  26 20 26 17 12 26 25 15 2  2  6 
 2  3  24 23 17 13 27 5  1  5  22 18 20 8  4  18 1  23 28 2  20 19 28 8  1  25 3  16 26 5 
 21 28 7  16 22 23 29 19 28 29 24 21 18 14 28 22 2  28 15 1  1  6  19 29 13 20 24 15 7  21
 20 28 20 26 14 12 20 14 2  18 13 25 10 2  10 9  23 12 8  9  12 8  14 2  8  27 22 3  13 28
 23 3  26 13 28 11 25 18 24 26 7  8  22 16 9  2  25 2  13 3  10 25 11 24 27 18 21 19 20 4 
 18 14 6  14 27 5  25 22 22 20 19 29 28 12 16 8  13 11 10 26 13 20 22 23 14 19 12 6  9  3 
 9  26 16 15 11 13 19 7  6  12 27 25 11 25 7  27 3  20 8  12 17 20 2  9  14 16 28 26 21 8 
 28 1  5  15 15 15 28 5  22 4  16 19 29 27 14 6  24 17 25 3  29 13 23 1  22 7  17 20 4  8 
 28 2  8  3  17 23 17 15 27 9  19 14 28 18 12 12 24 7  29 20 9  28 3  2  29 24 9  16 15 12
 24 13 14 3  15 1  25 3  16 23 12 5  8  10 22 19 22 17 25 21 7  4  20 9  6  19 3  14 6  17
 26 29 29 11 2  15 12 27 17 27 20 28 2  27 9  24 17 1  12 12 22 18 16 12 26 21 2  28 6  7 
 16 3  6  15 13 8  1  24 6  17 22 26 16 24 23 24 19 11 25 1  23 17 18 9  28 14 1  29 13 7 
 7  28 9  12 14 22 20 14 17 25 2  9  21 17 3  15 12 22 26 7  22 19 23 11 27 22 24 28 22 8 
 5  28 7  13 11 20 6  2  5  22 26 6  1  18 22 4  4  4  25 29 11 18 18 4  28 16 26 23 14 18
 1  19 17 7  2  27 27 7  28 2  29 25 7  29 14 29 4  17 4  28 17 14 17 6  18 15 21 15 8  6 
 3  9  24 19 16 26 17 13 4  16 15 3  11 22 3  25 22 6  13 25 5  29 10 21 6  28 6  27 13 14
 3  16 23 27 6  9  23 22 22 27 8  8  29 19 29 2  14 21 7  26 17 11 26 26 3  2  24 8  28 7 
 22 2  22 15 28 27 24 22 20 17 19 28 24 18 17 24 20 2  15 27 28 3  9  25 28 11 27 23 19 26
 1  12 27 23 27 26 21 21 18 11 9  7  10 3  25 27 27 16 28 13 13 27 15 22 22 14 3  20 7  22
 16 7  4  13 1  1  9  21 21 27 3  1  5  12 3  29 9  29 15 8  12 28 5  27 20 27 11 22 17 17
 14 3  24 18 16 24 18 25 16 10 22 18 10 26 1  13 26 9  13 12 16 25 10 21 22 29 18 3  22 6
