 28 3  17 18 2  21 12 22 22 19 21 20 29 12 2  29 5  7  2  5  2  11 17 6  18 14 7  9  3  10
 23 2  13 11 19 14 2  1  7  24 20 27 14 19 9  16 19 13 23 21 17 24 2  5  1  19 18 7  28 21
 17 21 23 29 3  12 14 4  13 20 28 3  17 12 22 25 28 11 8  21 2  25 16 4  29 16 22 18 23 21
 10 10 13 3  10 15 14 23 19 27 14 17 1  1  29 22 26 28 4  5  19 6  29 6  9  29 22 2  18 15
 22 27 25 6  29 6  20 14 29 10 12 13 26 12 14 26 4  10 24 8  14 13 13 14 19 21 14 11 23 3 
 26 16 1  21 21 1  27 12 14 26 21 26 10 17 8  23 13 12 3  7  19 17 20 2  2  9  23 16 20 17
 18 16 3  18 8  23 18 5  5  3  1  25 28 11 13 6  4  26 17 7  4  7  24 24 8  26 3  2  12 23
 18 1  9  21 18 16 14 7  20 19 10 21 15 9  2  28 15 6  24 3  13 28 9  7  22 17 3  25 18 14
 18 7  14 26 27 3  12 12 10 3  2  20 24 17 28 26 15 13 2  10 15 14 8  23 21 29 11 23 24 29
 8  12 6  22 9  4  25 21 16 6  24 18 25 18 5  23 15 19 6  17 29 21 1  7  15 22 6  25 15 1 
 24 23 13 1  15 21 5  11 13 21 16 7  9  11 24 14 4  10 4  10 26 3  2  26 9  16 19 15 11 5 
 16 6  27 28 7  13 20 11 23 3  3  9  10 12 19 5  25 23 14 29 4  10 2  5  7  11 20 25 25 2 
 29 12 8  27 10 14 10 1  25 3  4  28 12 13 10 2  18 6  25 2  5  28 12 6  3  18 16 23 13 12
 25 13 23 3  10 4  16 19 5  12 22 8  10 5  21 19 6  10 24 1  11 29 29 22 5  3  11 21 25 24
 3  20 7  26 22 17 1  9  7  5  21 29 13 2  4  5  21 9  14 16 10 25 15 9  18 19 11 28 10 7 
 22 13 26 29 9  19 16 9  28 23 14 20 22 26 21 25 1  12 5  15 27 14 10 12 23 27 2  5  26 12
 11 18 24 8  18 4  27 4  12 26 26 25 16 19 22 8  14 22 20 18 8  17 3  17 29 26 15 1  1  11
 12 12 28 7  20 16 10 17 20 22 14 17 18 29 6  10 8  20 3  27 9  10 15 11 27 14 8  12 15 8 
 22 27 20 21 4  10 8  14 26 27 6  10 15 23 10 21 4  18 11 7  15 19 17 1  1  14 14 8  25 29
 16 18 26 6  9  1  15 16 14 12 14 19 22 29 13 3  20 17 20 2  23 6  21 10 6  22 23 20 29 19
 19 16 7  16 21 16 16 7  3  1  18 17 20 11 16 4  13 7  20 4  9  13 10 29 23 15 21 17 6  21
 6  25 7  13 11 27 29 27 5  2  27 22 19 18 3  5  21 16 12 11 19 20 24 28 20 17 14 12 5  19
 3  11 15 10 23 25 8  23 23 12 25 21 4  14 9  7  19 29 22 1  11 12 21 5  11 11 22 24 22 26
 14 25 7  28 5  1  24 12 24 17 23 19 9  27 3  17 4  22 17 26 22 28 9  14 4  19 24 25 14 17
 22 28 12 29 26 16 1  21 28 24 9  21 14 17 18 17 5  22 9  22 19 2  20 27 15 23 17 9  19 1 
 26 12 28 9  12 25 24 13 16 23 7  25 14 21 12 3  8  17 25 16 9  14 17 29 11 2  23 28 11 13
 28 8  25 27 16 7  23 11 19 10 4  26 5  18 17 17 20 25 4  15 12 13 29 29 12 11 1  6  9  12
 18 8  19 13 5  5  19 28 16 9  8  19 5  12 7  22 29 27 17 3  13 29 16 12 28 27 22 29 4  1 
 11 21 8  1  5  13 6  24 11 21 3  19 11 8  1  17 1  1  14 18 3  27 17 19 9  15 17 1  14 20
 2  25 12 10 26 16 22 3  10 4  23 13 22 5  20 23 21 21 23 6  9  26 3  25 15 12 10 2  12 24
