 10 7  1  8  6  5  7  5  12 9  7  11 10 11 8 
 9  11 5  13 6  5  1  7  10 9  7  6  5  6  5 
 13 1  12 13 8  4  4  14 8  1  9  1  12 5  11
 6  14 8  10 12 13 1  13 6  10 7  12 2  12 3 
 6  11 4  4  10 11 7  13 11 1  14 6  1  11 10
 12 2  9  6  12 7  5  13 6  10 9  13 7  10 11
 9  2  7  12 5  2  9  12 1  5  12 14 10 13 11
 6  11 13 1  2  10 8  6  8  13 1  3  12 7  12
 8  2  13 1  13 3  3  8  1  3  13 12 2  9  11
 12 14 7  11 1  8  6  8  13 14 7  14 2  4  6 
 14 12 7  12 12 6  1  14 14 1  2  12 13 4  6 
 9  2  6  2  12 6  9  4  14 8  4  7  7  6  10
 13 5  8  6  3  5  12 4  4  11 5  6  9  3  9 
 14 12 11 6  14 8  11 8  12 11 2  1  3  9  6 
 13 8  11 6  13 13 11 11 2  1  8  7  6  2  9
