
================ MATRICES RESULTADO ================

Mapa: lianas10.txt | ALGORITMO BÁSICO
1	0	0	0	0	13	6	7	0	0	
0	0	0	0	0	0	0	0	0	0	
2	0	0	19	0	0	0	0	0	0	
0	0	0	0	0	0	0	0	0	0	
15	16	0	18	0	14	0	0	17	0	
3	9	0	22	23	0	0	8	10	0	
0	0	0	0	0	0	0	0	0	0	
0	0	0	20	0	0	0	0	0	0	
4	0	0	21	24	0	5	0	0	0	
26	0	0	0	25	12	0	0	11	27	

Mapa: lianas10.txt | ALGORITMO ÓPTIMO
1	0	0	0	0	0	0	0	0	0	
0	0	0	0	0	0	0	0	0	0	
2	0	0	0	0	0	0	0	0	0	
0	0	0	0	0	0	0	0	0	0	
0	0	0	0	0	0	0	0	0	0	
3	0	0	4	5	0	0	0	0	0	
0	0	0	0	0	0	0	0	0	0	
0	0	0	0	0	0	0	0	0	0	
0	0	0	0	6	0	0	0	0	0	
8	0	0	0	7	0	0	0	0	9	

Mapa: lianas10b.txt | ALGORITMO BÁSICO
1	0	0	0	0	0	7	0	0	0	
0	14	0	0	0	0	0	0	0	0	
2	4	0	0	0	0	0	0	0	3	
0	0	0	0	0	0	0	0	0	0	
0	0	0	0	0	0	8	9	0	0	
0	5	0	0	0	0	6	0	0	0	
0	12	0	0	11	0	0	10	0	0	
0	13	0	0	0	0	0	0	0	0	
0	0	0	0	0	0	0	0	0	0	
0	15	0	16	0	17	0	0	0	18	

Mapa: lianas10b.txt | ALGORITMO ÓPTIMO
1	6	0	0	0	0	0	0	0	0	
0	7	0	0	0	0	0	0	0	0	
2	4	0	0	0	0	0	0	0	3	
0	0	0	0	0	0	0	0	0	0	
0	0	0	0	0	0	0	0	0	0	
0	5	0	0	0	0	0	0	0	0	
0	0	0	0	0	0	0	0	0	0	
0	0	0	0	0	0	0	0	0	0	
0	0	0	0	0	0	0	0	0	0	
0	8	0	9	0	10	0	0	0	11	

Mapa: lianas10ss.txt | ALGORITMO BÁSICO
0	0	0	0	0	0	0	0	0	0	
0	0	0	0	0	0	0	0	0	0	
0	0	0	0	0	0	0	0	0	0	
0	0	0	0	0	0	0	0	0	0	
0	0	0	0	0	0	0	0	0	0	
0	0	0	0	0	0	0	0	0	0	
0	0	0	0	0	0	0	0	0	0	
0	0	0	0	0	0	0	0	0	0	
0	0	0	0	0	0	0	0	0	0	
0	0	0	0	0	0	0	0	0	0	

Mapa: lianas10ss.txt | ALGORITMO ÓPTIMO
0	0	0	0	0	0	0	0	0	0	
0	0	0	0	0	0	0	0	0	0	
0	0	0	0	0	0	0	0	0	0	
0	0	0	0	0	0	0	0	0	0	
0	0	0	0	0	0	0	0	0	0	
0	0	0	0	0	0	0	0	0	0	
0	0	0	0	0	0	0	0	0	0	
0	0	0	0	0	0	0	0	0	0	
0	0	0	0	0	0	0	0	0	0	
0	0	0	0	0	0	0	0	0	0	

Mapa: lianas12.txt | ALGORITMO BÁSICO
1	0	0	13	0	0	0	0	0	0	0	14	
0	0	0	0	0	5	0	0	6	0	0	15	
0	0	0	0	0	0	0	0	0	0	0	0	
2	0	0	0	0	0	0	0	7	8	0	0	
0	0	0	0	0	0	0	0	0	0	0	0	
0	0	0	0	0	0	0	0	0	0	0	0	
0	0	0	0	0	0	0	0	0	0	0	0	
0	0	0	0	0	0	0	0	0	0	0	0	
0	0	0	0	0	0	0	0	0	0	0	0	
3	0	0	0	0	4	0	0	0	0	0	0	
0	0	0	0	0	0	0	0	0	0	0	0	
10	0	0	12	0	0	0	0	0	9	11	16	

Mapa: lianas12.txt | ALGORITMO ÓPTIMO
1	0	0	2	0	0	0	0	0	0	0	3	
0	0	0	0	0	0	0	0	0	0	0	4	
0	0	0	0	0	0	0	0	0	0	0	0	
0	0	0	0	0	0	0	0	0	0	0	0	
0	0	0	0	0	0	0	0	0	0	0	0	
0	0	0	0	0	0	0	0	0	0	0	0	
0	0	0	0	0	0	0	0	0	0	0	0	
0	0	0	0	0	0	0	0	0	0	0	0	
0	0	0	0	0	0	0	0	0	0	0	0	
0	0	0	0	0	0	0	0	0	0	0	0	
0	0	0	0	0	0	0	0	0	0	0	0	
0	0	0	0	0	0	0	0	0	0	0	5	

Mapa: lianas15.txt | ALGORITMO BÁSICO
1	0	0	0	0	0	0	0	0	0	0	0	0	0	0	
0	0	0	0	0	0	0	0	0	0	0	0	0	0	0	
0	0	0	0	0	0	0	0	0	0	0	0	0	0	0	
0	0	0	0	0	0	0	0	0	0	0	0	0	0	0	
0	0	0	0	0	0	0	0	0	0	0	0	0	0	4	
0	0	0	0	0	0	0	0	0	0	0	0	0	0	0	
0	0	0	0	0	0	0	0	0	0	0	0	0	0	0	
0	0	0	0	0	0	0	0	0	0	0	0	0	0	0	
0	0	0	0	0	0	0	0	0	0	0	0	0	0	0	
0	0	0	0	0	0	0	0	0	0	0	0	0	0	0	
2	0	0	0	0	0	0	0	0	0	0	0	0	0	3	
0	0	0	0	0	0	0	0	0	0	0	0	0	0	0	
0	0	0	0	0	0	0	0	0	0	0	0	0	0	0	
0	0	0	0	0	0	0	0	0	0	0	0	0	0	0	
0	0	0	0	0	0	0	0	0	0	0	0	0	0	5	

Mapa: lianas15.txt | ALGORITMO ÓPTIMO
1	0	0	0	0	0	0	0	0	0	0	0	0	0	0	
0	0	0	0	0	0	0	0	0	0	0	0	0	0	0	
0	0	0	0	0	0	0	0	0	0	0	0	0	0	0	
0	0	0	0	0	0	0	0	0	0	0	0	0	0	0	
0	0	0	0	0	0	0	0	0	0	0	0	0	0	4	
0	0	0	0	0	0	0	0	0	0	0	0	0	0	0	
0	0	0	0	0	0	0	0	0	0	0	0	0	0	0	
0	0	0	0	0	0	0	0	0	0	0	0	0	0	0	
0	0	0	0	0	0	0	0	0	0	0	0	0	0	0	
0	0	0	0	0	0	0	0	0	0	0	0	0	0	0	
2	0	0	0	0	0	0	0	0	0	0	0	0	0	3	
0	0	0	0	0	0	0	0	0	0	0	0	0	0	0	
0	0	0	0	0	0	0	0	0	0	0	0	0	0	0	
0	0	0	0	0	0	0	0	0	0	0	0	0	0	0	
0	0	0	0	0	0	0	0	0	0	0	0	0	0	5	

Mapa: lianas20.txt | ALGORITMO BÁSICO
1	0	0	0	0	0	0	0	0	0	0	0	0	0	2	0	0	0	0	0	
0	0	0	0	0	0	0	0	0	0	0	0	0	0	0	0	0	0	0	35	
0	0	0	0	0	0	0	0	0	16	0	0	0	0	0	0	0	0	0	0	
0	0	0	0	0	0	0	0	0	20	0	0	0	0	0	0	0	0	0	0	
0	0	0	0	0	0	0	0	0	0	0	0	0	0	0	0	0	0	0	0	
0	0	0	0	0	24	0	23	0	22	0	0	0	0	3	0	0	0	0	0	
0	0	0	0	0	0	0	0	0	21	0	0	0	0	0	0	0	0	0	0	
0	0	0	0	0	25	0	0	0	17	0	0	0	0	0	0	0	0	0	0	
0	0	0	0	0	0	0	0	0	0	0	0	0	0	0	0	0	0	0	0	
0	0	0	0	0	26	0	0	0	18	0	0	0	0	0	0	0	0	27	0	
0	0	0	0	0	0	0	0	0	0	0	0	0	0	0	0	0	0	0	0	
0	0	0	12	0	0	0	0	0	0	0	0	13	0	0	0	0	0	11	0	
0	0	0	0	0	0	0	0	0	0	0	0	0	0	0	0	0	0	0	0	
0	0	0	0	0	0	0	0	0	0	0	0	0	0	0	0	0	0	0	0	
0	0	0	0	0	0	0	0	0	0	0	0	0	0	4	0	0	0	0	0	
0	0	0	0	0	0	0	0	0	0	0	0	0	0	0	0	0	0	0	0	
29	32	0	0	0	0	0	0	33	19	30	31	0	0	0	0	0	0	28	34	
0	0	0	0	0	0	0	0	0	0	0	0	0	0	0	0	0	0	0	0	
0	0	0	0	0	0	0	0	0	0	0	0	0	0	0	0	0	0	0	0	
0	0	6	0	0	0	0	0	0	15	8	9	14	0	5	7	0	0	10	36	

Mapa: lianas20.txt | ALGORITMO ÓPTIMO
1	0	0	0	4	0	0	0	0	0	0	0	0	0	2	0	0	0	0	3	
0	0	0	0	0	0	0	0	0	0	0	0	0	0	0	0	0	0	0	0	
0	0	0	0	0	0	0	0	0	0	0	0	0	0	0	0	0	0	0	0	
0	0	0	0	0	0	0	0	0	0	0	0	0	0	0	0	0	0	0	0	
0	0	0	0	5	0	0	0	0	0	0	0	0	0	0	6	0	0	0	7	
0	0	0	0	0	0	0	0	0	0	0	0	0	0	0	0	0	0	0	0	
0	0	0	0	0	0	0	0	0	0	0	0	0	0	0	0	0	0	0	0	
0	0	0	0	0	0	0	0	0	0	0	0	0	0	0	0	0	0	0	0	
0	0	0	0	0	0	0	0	0	0	0	0	0	0	0	0	0	0	0	0	
0	0	0	0	0	0	0	0	0	0	0	0	0	0	0	0	0	0	0	0	
0	0	0	0	0	0	0	0	0	0	0	0	0	0	0	0	0	0	0	0	
0	0	0	0	0	0	0	0	0	0	0	0	0	0	0	0	0	0	0	0	
0	0	0	0	0	0	0	0	0	0	0	0	0	0	0	0	0	0	0	0	
0	0	0	0	0	0	0	0	0	0	0	0	0	0	0	0	0	0	0	0	
0	0	0	0	0	0	0	0	0	0	0	0	0	0	0	0	0	0	0	0	
0	0	0	0	0	0	0	0	0	0	0	0	0	0	0	0	0	0	0	0	
0	0	0	0	0	0	0	0	0	0	0	0	0	0	0	0	0	0	0	0	
0	0	0	0	0	0	0	0	0	0	0	0	0	0	0	0	0	0	0	0	
0	0	0	0	0	0	0	0	0	0	0	0	0	0	0	0	0	0	0	0	
0	0	0	0	0	0	0	0	0	0	0	0	0	0	0	0	0	0	0	8	

Mapa: lianas20b.txt | ALGORITMO BÁSICO
1	0	0	0	0	0	0	0	0	0	0	0	51	0	85	84	0	0	0	0	
53	0	0	0	0	0	0	0	69	0	0	0	52	0	0	83	0	82	0	0	
0	22	0	0	0	14	0	0	0	0	0	21	0	13	0	0	0	34	0	0	
72	0	0	0	0	0	0	8	70	0	102	0	49	0	0	0	0	0	71	0	
0	26	0	0	0	0	0	0	0	0	0	0	0	0	0	97	0	0	0	0	
2	0	0	0	0	15	0	9	0	0	0	0	0	0	0	0	0	0	0	3	
0	25	0	0	0	0	0	0	0	0	0	0	0	0	0	0	0	0	0	0	
0	27	0	31	0	0	29	0	77	30	0	0	0	0	0	0	0	32	76	28	
0	0	0	0	0	16	0	0	0	0	0	0	0	0	0	62	0	0	0	0	
0	0	0	0	91	0	0	0	0	0	0	0	0	0	86	0	58	35	0	0	
42	0	0	0	0	0	0	0	0	0	104	0	41	0	0	0	43	36	0	0	
54	23	0	0	92	55	0	0	0	0	0	93	50	0	0	0	56	0	0	0	
0	0	0	0	100	0	0	0	0	0	101	0	0	0	0	0	0	0	0	0	
74	0	0	38	99	0	0	10	0	0	103	0	39	0	0	98	0	37	75	0	
67	0	0	0	65	64	0	0	68	0	0	66	0	0	0	63	0	0	0	0	
0	0	0	0	0	0	0	0	0	0	0	0	80	0	0	0	57	81	0	0	
19	0	0	0	90	17	88	0	0	0	0	20	0	0	87	0	18	89	0	0	
73	0	0	0	0	0	0	11	78	0	60	0	79	12	0	61	59	0	0	0	
5	24	0	0	0	0	0	7	0	0	0	0	40	6	0	0	0	33	0	4	
95	0	0	0	0	0	47	0	0	45	105	94	48	0	46	96	44	0	0	106	

Mapa: lianas20b.txt | ALGORITMO ÓPTIMO
1	0	0	0	0	2	0	0	0	0	0	5	4	0	0	0	3	0	0	0	
0	0	0	0	0	0	0	0	0	0	0	0	0	0	0	0	0	0	0	0	
0	0	0	0	0	0	0	0	0	0	0	0	0	0	0	0	0	0	0	0	
0	0	0	0	0	0	0	0	0	0	0	8	0	0	0	0	0	0	0	0	
0	0	0	0	0	0	0	0	0	0	0	0	0	0	0	0	0	0	0	0	
0	0	0	0	0	0	0	0	0	0	0	6	0	0	0	0	0	0	0	0	
0	0	0	0	0	0	0	0	0	0	0	0	0	0	0	0	0	0	0	0	
0	0	0	0	0	0	0	0	0	0	0	0	0	0	0	0	0	0	0	0	
0	0	0	0	0	0	0	0	0	0	0	0	0	0	0	0	0	0	0	0	
0	0	0	0	0	0	0	0	0	0	0	0	0	0	0	0	0	0	0	0	
0	0	0	0	0	0	0	0	0	0	10	9	0	0	0	0	0	0	0	0	
0	0	0	0	0	0	0	0	0	0	0	7	0	0	0	0	0	0	0	0	
0	0	0	0	0	0	0	0	0	0	0	0	0	0	0	0	0	0	0	0	
0	0	0	0	0	0	0	0	0	0	0	0	0	0	0	0	0	0	0	0	
0	0	0	0	0	0	0	0	0	0	0	0	0	0	0	0	0	0	0	0	
0	0	0	0	0	0	0	0	0	0	0	0	0	0	0	0	0	0	0	0	
0	0	0	0	0	0	0	0	0	0	0	0	0	0	0	0	0	0	0	0	
0	0	0	0	0	0	0	0	0	0	0	0	0	0	0	0	0	0	0	0	
0	0	0	0	0	0	0	0	0	0	0	0	0	0	0	0	0	0	0	0	
0	0	0	0	0	0	0	0	0	0	11	0	0	0	0	0	0	0	0	12	

Mapa: lianas20c.txt | ALGORITMO BÁSICO
1	0	0	73	0	0	0	0	39	0	0	29	16	0	0	0	46	0	74	30	
0	0	99	100	0	56	0	0	0	0	0	25	0	57	0	0	0	0	0	0	
0	0	0	101	0	0	0	0	0	0	0	0	0	0	0	0	45	0	0	49	
0	0	0	0	0	0	0	0	0	0	0	0	13	0	0	0	0	0	0	51	
0	34	0	0	0	0	0	0	0	0	0	26	0	0	0	0	0	0	0	33	
0	0	66	78	0	0	0	0	40	0	0	0	14	0	0	65	0	0	77	0	
0	106	0	79	0	53	0	0	0	94	0	0	0	83	0	82	80	81	0	52	
0	0	0	0	0	0	0	0	0	0	0	0	0	0	0	0	0	0	75	50	
0	105	0	102	103	55	0	0	0	0	8	0	0	58	104	62	0	0	0	31	
110	107	0	0	0	0	108	0	0	111	0	109	0	0	0	0	0	0	0	112	
0	0	0	0	0	0	0	0	0	0	0	0	0	0	0	0	0	0	0	0	
0	0	98	0	0	0	0	0	0	0	0	0	17	0	0	0	0	0	0	0	
0	35	96	0	0	0	0	0	0	95	0	0	0	0	0	0	0	0	76	0	
0	0	0	0	60	0	0	0	0	0	9	0	10	59	0	61	0	0	0	0	
0	36	0	0	0	23	0	0	38	0	0	24	0	0	0	0	0	37	0	0	
0	0	85	0	0	0	0	0	0	0	0	0	0	84	0	63	0	0	0	32	
0	0	0	92	0	90	0	91	0	93	0	27	15	0	0	64	0	0	0	0	
69	0	67	72	0	54	0	0	0	0	0	68	18	0	0	19	71	0	0	70	
0	0	86	0	0	89	88	87	0	0	0	28	11	0	0	0	47	0	0	48	
2	0	97	21	0	22	4	43	41	5	7	0	12	0	42	20	44	6	3	113	

Mapa: lianas20c.txt | ALGORITMO ÓPTIMO
1	0	0	0	0	0	0	0	0	0	0	0	0	0	0	0	0	0	0	2	
0	0	0	0	0	0	0	0	0	0	0	0	0	0	0	0	0	0	0	4	
0	0	0	0	0	0	0	0	0	0	0	0	0	0	0	0	0	0	0	0	
0	0	0	0	0	0	0	0	0	0	0	0	0	0	0	0	0	0	0	0	
0	0	0	0	0	0	0	0	0	0	0	0	0	0	0	0	0	0	0	0	
0	0	0	0	0	0	0	0	0	0	0	0	0	0	0	0	0	0	0	0	
0	0	0	0	0	0	0	0	0	0	0	0	0	0	0	0	0	0	0	0	
0	0	0	0	0	0	0	0	0	0	0	0	0	0	0	0	0	0	0	0	
0	0	0	0	0	0	0	0	0	0	0	0	0	0	0	0	0	0	0	3	
0	0	0	0	0	0	0	0	0	0	0	0	0	0	0	0	0	0	0	5	
0	0	0	0	0	0	0	0	0	0	0	0	0	0	0	0	0	0	0	0	
0	0	0	0	0	0	0	0	0	0	0	0	0	0	0	0	0	0	0	0	
0	0	0	0	0	0	0	0	0	0	0	0	0	0	0	0	0	0	0	0	
0	0	0	0	0	0	0	0	0	0	0	0	0	0	0	0	0	0	0	0	
0	0	0	0	0	0	0	0	0	0	0	0	0	0	0	0	0	0	0	0	
0	0	0	0	0	0	0	0	0	0	0	0	0	0	0	0	0	0	0	0	
0	0	0	0	0	0	0	0	0	0	0	0	0	0	0	0	0	0	0	0	
0	0	0	0	0	0	0	0	0	0	0	0	0	0	0	0	0	0	0	0	
0	0	0	0	0	0	0	0	0	0	0	0	0	0	0	0	0	0	0	0	
0	0	0	0	0	0	0	0	0	0	0	0	0	0	0	0	0	0	0	6	

Mapa: lianas20d.txt | ALGORITMO BÁSICO
1	0	0	0	0	0	0	0	0	0	0	0	0	0	0	0	0	0	0	0	
2	0	0	0	0	0	0	0	0	0	0	0	0	0	0	0	0	0	0	0	
0	7	0	0	0	0	0	0	0	0	0	6	0	0	0	0	0	0	0	0	
0	0	0	0	0	0	0	0	0	0	0	0	0	0	0	0	0	0	0	0	
0	0	0	0	0	0	0	0	0	0	0	0	0	0	0	0	0	0	0	0	
13	0	0	0	0	0	0	0	0	0	0	0	15	0	0	0	0	0	0	14	
0	0	0	0	0	0	0	0	0	0	0	0	0	0	0	0	0	0	0	0	
0	0	0	0	0	0	0	0	0	0	0	0	0	0	0	0	0	0	0	0	
0	0	0	0	0	0	0	0	0	0	0	0	0	0	0	0	0	0	0	0	
0	0	0	0	0	0	0	0	0	0	0	0	0	0	0	0	0	0	0	0	
20	0	0	0	0	0	0	0	0	0	0	0	19	0	0	0	21	0	0	0	
3	8	0	0	0	0	0	0	0	0	0	0	0	0	0	0	0	0	0	0	
0	0	0	0	0	0	0	0	0	0	0	0	16	0	0	0	0	0	0	0	
0	0	0	0	0	0	0	0	0	0	0	0	17	0	0	0	0	0	0	0	
0	0	0	0	0	0	0	0	0	0	0	0	0	0	0	0	0	0	0	0	
0	0	0	0	0	0	0	0	0	0	0	0	0	0	0	0	0	0	0	0	
4	0	0	0	0	0	0	0	0	0	0	5	0	0	0	0	0	0	0	0	
0	0	0	0	0	0	0	0	0	0	0	0	0	0	0	0	0	0	0	0	
12	9	0	0	0	0	0	0	0	0	0	0	18	10	0	0	0	0	0	11	
0	0	0	0	0	0	0	0	0	23	0	0	0	0	24	0	22	0	0	25	

Mapa: lianas20d.txt | ALGORITMO ÓPTIMO
1	2	0	0	0	0	0	0	0	0	0	0	0	0	0	0	0	0	0	3	
0	0	0	0	0	0	0	0	0	0	0	0	0	0	0	0	0	0	0	0	
0	0	0	0	0	0	0	0	0	0	0	0	0	0	0	0	0	0	0	0	
0	0	0	0	0	0	0	0	0	0	0	0	0	0	0	0	0	0	0	0	
0	0	0	0	0	0	0	0	0	0	0	0	5	0	0	0	0	0	0	4	
0	0	0	0	0	0	0	0	0	0	0	0	0	0	0	0	0	0	0	0	
0	0	0	0	0	0	0	0	0	0	0	0	0	0	0	0	0	0	0	0	
0	0	0	0	0	0	0	0	0	0	0	0	0	0	0	0	0	0	0	0	
0	0	0	0	0	0	0	0	0	0	0	0	0	0	0	0	0	0	0	0	
0	0	0	0	0	0	0	0	0	0	0	0	0	0	0	0	0	0	0	0	
0	0	0	0	0	0	0	0	0	0	0	0	0	0	0	0	0	0	0	0	
0	0	0	0	0	0	0	0	0	0	0	0	0	0	0	0	0	0	0	0	
0	0	0	0	0	0	0	0	0	0	0	0	0	0	0	0	0	0	0	0	
0	0	0	0	0	0	0	0	0	0	0	0	0	0	0	0	0	0	0	0	
0	0	0	0	0	0	0	0	0	0	0	0	0	0	0	0	0	0	0	0	
0	0	0	0	0	0	0	0	0	0	0	0	0	0	0	0	0	0	0	0	
0	0	0	0	0	0	0	0	0	0	0	0	0	0	0	0	0	0	0	0	
0	0	0	0	0	0	0	0	0	0	0	0	0	0	0	0	0	0	0	0	
0	0	0	0	0	0	0	0	0	0	0	0	0	0	0	0	0	0	0	0	
0	0	0	0	0	0	0	0	0	0	0	0	6	0	7	0	0	0	0	8	

Mapa: lianas25.txt | ALGORITMO BÁSICO
1	0	0	0	0	0	46	0	0	0	0	0	0	0	0	0	0	0	0	0	0	0	0	0	0	
0	0	0	0	0	0	0	0	0	0	0	0	0	0	0	0	0	0	0	0	0	0	0	0	40	
0	0	0	0	0	0	0	0	0	0	0	0	0	0	0	0	0	0	0	0	0	0	0	0	0	
0	0	0	0	0	0	47	0	0	0	27	0	0	0	0	0	0	0	0	0	0	0	0	0	0	
3	0	0	0	0	0	48	0	0	0	49	0	0	0	0	0	0	0	0	0	0	50	0	0	0	
0	42	0	0	0	0	0	0	0	0	0	0	0	0	0	0	0	0	0	0	0	0	0	0	41	
0	0	0	0	0	0	0	0	0	0	28	0	0	0	13	0	0	0	0	0	0	14	0	0	0	
4	0	0	0	0	0	0	0	0	0	0	0	0	0	0	0	0	0	0	0	0	0	0	0	0	
0	0	0	0	53	0	0	54	0	0	0	0	0	0	0	0	0	0	0	0	0	0	0	0	39	
0	0	0	0	0	0	0	0	0	0	0	0	0	17	0	0	0	0	0	0	0	18	0	0	0	
0	0	0	0	0	0	0	0	0	0	0	0	0	0	0	0	0	0	0	0	0	0	0	0	0	
0	0	0	0	0	0	0	0	0	0	0	0	0	0	0	0	0	0	0	0	0	0	0	0	0	
0	0	0	0	0	0	0	0	0	0	0	0	0	0	0	0	0	0	0	0	0	0	0	0	0	
0	0	0	36	0	0	0	0	0	0	29	0	0	0	0	0	35	0	0	0	0	0	0	0	37	
0	0	0	0	0	0	0	0	0	0	0	0	0	0	0	0	0	0	0	0	0	0	0	0	0	
2	0	0	0	0	0	0	0	0	0	0	0	0	0	0	0	0	0	0	0	0	0	0	0	0	
5	0	0	0	0	0	0	0	0	0	0	0	0	0	0	0	0	0	0	0	0	0	0	0	0	
0	0	0	0	0	0	0	0	0	0	0	0	0	0	0	0	0	0	0	0	0	0	0	0	0	
0	0	32	0	0	0	0	0	0	0	30	33	0	0	31	0	34	0	0	0	0	0	0	0	0	
20	0	0	0	0	0	0	0	0	0	26	0	22	24	0	21	0	0	0	25	23	19	0	0	38	
0	0	0	0	0	0	0	55	0	0	0	0	0	0	0	0	0	0	0	56	0	0	0	0	0	
0	0	0	0	52	0	0	0	0	0	0	0	0	0	0	0	0	0	0	0	0	51	0	0	0	
6	0	0	0	8	0	0	0	0	0	9	0	0	0	0	7	0	0	0	0	0	0	0	0	0	
0	43	0	0	0	0	45	0	0	0	10	0	11	16	12	0	0	0	0	44	0	15	0	0	0	
0	0	0	0	0	0	0	0	59	0	0	0	0	0	0	0	0	0	0	57	58	0	0	0	60	

Mapa: lianas25.txt | ALGORITMO ÓPTIMO
1	0	0	0	0	0	0	0	0	0	0	0	0	0	0	2	0	0	0	0	0	0	0	0	0	
0	0	0	0	0	0	0	0	0	0	0	0	0	0	0	0	0	0	0	0	0	0	0	0	0	
0	0	0	0	0	0	0	0	0	0	0	0	0	0	0	0	0	0	0	0	0	0	0	0	0	
0	0	0	0	0	0	0	0	0	0	0	0	0	0	0	0	0	0	0	0	0	0	0	0	0	
0	0	0	0	0	0	0	0	0	0	0	0	0	0	0	0	0	0	0	0	0	0	0	0	0	
0	0	0	0	0	0	0	0	0	0	0	0	0	0	0	0	0	0	0	0	0	0	0	0	0	
0	0	0	0	0	0	0	0	0	0	0	0	0	0	0	0	0	0	0	0	0	0	0	0	0	
0	0	0	0	0	0	0	0	0	0	0	0	0	0	0	0	0	0	0	0	0	0	0	0	0	
0	0	0	0	0	0	0	0	0	0	0	0	0	0	0	0	0	0	0	0	0	0	0	0	0	
0	0	0	0	0	0	5	0	0	0	0	0	0	0	0	0	0	0	0	0	0	0	0	0	0	
0	0	0	0	0	0	0	0	0	0	0	0	0	0	0	0	0	0	0	0	0	0	0	0	0	
0	0	0	0	0	0	0	0	0	0	0	0	0	0	0	0	0	0	0	0	0	0	0	0	0	
0	0	0	0	0	0	0	0	0	0	0	0	0	0	0	0	0	0	0	0	0	0	0	0	0	
0	0	0	0	0	0	0	0	0	0	0	0	0	0	0	0	0	0	0	0	0	0	0	0	0	
0	0	0	0	0	0	4	0	0	0	0	0	0	0	0	3	0	0	0	0	0	0	0	0	0	
0	0	0	0	0	0	0	0	0	0	0	0	0	0	0	0	0	0	0	0	0	0	0	0	0	
0	0	0	0	0	0	0	0	0	0	0	0	0	0	0	0	0	0	0	0	0	0	0	0	0	
0	0	0	0	0	0	0	0	0	0	0	0	0	0	0	0	0	0	0	0	0	0	0	0	0	
0	0	0	0	0	0	0	0	0	0	0	0	0	0	0	0	0	0	0	0	0	0	0	0	0	
0	0	0	0	0	0	0	0	0	0	0	0	0	0	0	0	0	0	0	0	0	0	0	0	0	
0	0	0	0	0	0	0	0	0	0	0	0	0	0	0	0	0	0	0	0	0	0	0	0	0	
0	0	0	0	0	0	0	0	0	0	0	0	0	0	0	0	0	0	0	0	0	0	0	0	0	
0	0	0	0	0	0	0	0	0	0	0	0	0	0	0	0	0	0	0	0	0	0	0	0	0	
0	0	0	0	0	0	0	0	0	0	0	0	0	0	0	0	0	0	0	0	0	0	0	0	0	
0	0	0	0	0	0	6	0	0	0	7	0	0	0	0	0	0	0	0	0	0	0	0	0	8	

Mapa: lianas30.txt | ALGORITMO BÁSICO
1	0	0	0	0	0	0	0	0	0	0	0	0	0	0	0	0	0	0	0	0	0	0	0	0	0	0	0	0	0	
0	0	0	0	0	0	0	0	0	0	0	0	0	0	0	0	0	0	0	0	0	0	0	0	0	0	0	0	0	0	
0	0	0	0	0	0	0	0	0	0	0	0	0	0	0	0	0	0	0	0	0	0	0	0	0	0	0	0	0	0	
0	0	0	0	0	0	0	0	0	0	0	0	0	0	0	0	0	0	0	0	0	0	0	0	0	0	0	0	0	0	
2	0	0	0	0	0	0	0	0	0	0	0	0	0	0	0	0	0	0	0	0	0	0	0	0	0	0	0	0	0	
0	0	0	0	0	0	0	0	0	0	0	0	0	0	0	0	0	0	0	0	0	0	0	0	0	0	0	0	0	0	
0	0	0	0	0	0	0	0	0	0	0	0	0	0	0	0	0	0	0	0	0	0	0	0	0	0	0	0	0	0	
0	0	0	0	0	0	0	0	0	0	0	0	0	0	0	0	0	0	0	0	0	0	0	0	0	0	0	0	0	0	
3	0	0	0	0	0	0	0	0	0	0	0	0	0	0	0	0	0	0	0	0	0	0	0	0	0	0	0	0	4	
0	0	0	0	0	0	0	0	0	0	0	0	0	0	0	0	0	0	0	0	0	0	0	0	0	0	0	0	0	5	
0	0	0	0	0	0	0	0	0	0	0	0	0	0	0	0	0	0	0	0	0	0	0	0	0	0	0	0	0	0	
0	0	0	0	0	0	0	0	0	0	0	0	0	0	0	0	0	0	0	0	0	0	0	0	0	0	0	0	0	0	
0	0	0	0	0	0	0	0	0	0	0	0	0	0	0	0	0	0	0	0	0	0	0	0	0	0	0	0	0	0	
0	0	0	0	0	0	0	0	0	0	0	0	0	0	0	0	0	0	0	0	0	0	0	0	0	0	0	0	0	0	
0	0	0	0	0	0	0	0	0	0	0	0	0	0	0	0	0	0	0	0	0	0	0	0	0	0	0	0	0	0	
0	0	0	0	0	0	0	0	0	0	0	0	0	0	0	0	0	0	0	0	0	0	0	0	0	0	0	0	0	6	
0	0	0	0	0	0	0	0	0	0	0	0	0	0	0	0	0	0	0	0	0	0	0	0	0	0	0	0	0	0	
0	0	0	0	0	0	0	0	0	0	0	0	0	0	0	0	0	0	0	0	0	0	0	0	0	0	0	0	0	0	
0	0	0	0	0	0	0	0	0	0	0	0	0	0	0	0	0	0	0	0	0	0	0	0	0	0	0	0	0	0	
0	0	0	0	0	0	0	0	0	0	0	0	0	0	0	0	0	0	0	0	0	0	0	0	0	0	0	0	0	0	
0	0	0	0	0	0	0	0	0	0	0	0	0	0	0	0	0	0	0	0	0	0	0	0	0	0	0	0	0	0	
0	0	0	0	0	0	0	0	0	0	0	0	0	0	0	0	0	0	0	0	0	0	0	0	0	0	0	0	0	0	
0	0	0	0	0	0	0	0	0	0	0	0	0	0	0	0	0	0	0	0	0	0	0	0	0	0	0	0	0	0	
0	0	0	0	0	0	0	0	0	0	0	0	0	0	0	0	0	0	0	0	0	0	0	0	0	0	0	0	0	7	
0	0	0	0	0	0	0	0	0	0	0	0	0	0	0	0	0	0	0	0	0	0	0	0	0	0	0	0	0	0	
0	0	0	0	0	0	0	0	0	0	0	0	0	0	0	0	0	0	0	0	0	0	0	0	0	0	0	0	0	0	
0	0	0	0	0	0	0	0	0	0	0	0	0	0	0	0	0	0	0	0	0	0	0	0	0	0	0	0	0	0	
0	0	0	0	0	0	0	0	0	0	0	0	0	0	0	0	0	0	0	0	0	0	0	0	0	0	0	0	0	0	
0	0	0	0	0	0	0	0	0	0	0	0	0	0	0	0	0	0	0	0	0	0	0	0	0	0	0	0	0	0	
0	0	0	0	0	0	0	0	0	0	0	0	0	0	0	0	0	0	0	0	0	0	0	0	0	0	0	0	0	8	

Mapa: lianas30.txt | ALGORITMO ÓPTIMO
1	0	0	0	0	0	0	0	0	0	0	0	0	0	0	0	0	0	0	0	0	0	0	0	0	0	0	0	0	0	
0	0	0	0	0	0	0	0	0	0	0	0	0	0	0	0	0	0	0	0	0	0	0	0	0	0	0	0	0	0	
0	0	0	0	0	0	0	0	0	0	0	0	0	0	0	0	0	0	0	0	0	0	0	0	0	0	0	0	0	0	
0	0	0	0	0	0	0	0	0	0	0	0	0	0	0	0	0	0	0	0	0	0	0	0	0	0	0	0	0	0	
2	0	0	0	0	0	0	0	0	0	0	0	0	0	0	0	0	0	0	0	0	0	0	0	0	0	0	0	0	0	
0	0	0	0	0	0	0	0	0	0	0	0	0	0	0	0	0	0	0	0	0	0	0	0	0	0	0	0	0	0	
0	0	0	0	0	0	0	0	0	0	0	0	0	0	0	0	0	0	0	0	0	0	0	0	0	0	0	0	0	0	
0	0	0	0	0	0	0	0	0	0	0	0	0	0	0	0	0	0	0	0	0	0	0	0	0	0	0	0	0	0	
3	0	0	0	0	0	0	0	0	0	0	0	0	0	0	0	0	0	0	0	0	0	0	0	0	0	0	0	0	4	
0	0	0	0	0	0	0	0	0	0	0	0	0	0	0	0	0	0	0	0	0	0	0	0	0	0	0	0	0	5	
0	0	0	0	0	0	0	0	0	0	0	0	0	0	0	0	0	0	0	0	0	0	0	0	0	0	0	0	0	0	
0	0	0	0	0	0	0	0	0	0	0	0	0	0	0	0	0	0	0	0	0	0	0	0	0	0	0	0	0	0	
0	0	0	0	0	0	0	0	0	0	0	0	0	0	0	0	0	0	0	0	0	0	0	0	0	0	0	0	0	0	
0	0	0	0	0	0	0	0	0	0	0	0	0	0	0	0	0	0	0	0	0	0	0	0	0	0	0	0	0	0	
0	0	0	0	0	0	0	0	0	0	0	0	0	0	0	0	0	0	0	0	0	0	0	0	0	0	0	0	0	0	
0	0	0	0	0	0	0	0	0	0	0	0	0	0	0	0	0	0	0	0	0	0	0	0	0	0	0	0	0	6	
0	0	0	0	0	0	0	0	0	0	0	0	0	0	0	0	0	0	0	0	0	0	0	0	0	0	0	0	0	0	
0	0	0	0	0	0	0	0	0	0	0	0	0	0	0	0	0	0	0	0	0	0	0	0	0	0	0	0	0	0	
0	0	0	0	0	0	0	0	0	0	0	0	0	0	0	0	0	0	0	0	0	0	0	0	0	0	0	0	0	0	
0	0	0	0	0	0	0	0	0	0	0	0	0	0	0	0	0	0	0	0	0	0	0	0	0	0	0	0	0	0	
0	0	0	0	0	0	0	0	0	0	0	0	0	0	0	0	0	0	0	0	0	0	0	0	0	0	0	0	0	0	
0	0	0	0	0	0	0	0	0	0	0	0	0	0	0	0	0	0	0	0	0	0	0	0	0	0	0	0	0	0	
0	0	0	0	0	0	0	0	0	0	0	0	0	0	0	0	0	0	0	0	0	0	0	0	0	0	0	0	0	0	
0	0	0	0	0	0	0	0	0	0	0	0	0	0	0	0	0	0	0	0	0	0	0	0	0	0	0	0	0	7	
0	0	0	0	0	0	0	0	0	0	0	0	0	0	0	0	0	0	0	0	0	0	0	0	0	0	0	0	0	0	
0	0	0	0	0	0	0	0	0	0	0	0	0	0	0	0	0	0	0	0	0	0	0	0	0	0	0	0	0	0	
0	0	0	0	0	0	0	0	0	0	0	0	0	0	0	0	0	0	0	0	0	0	0	0	0	0	0	0	0	0	
0	0	0	0	0	0	0	0	0	0	0	0	0	0	0	0	0	0	0	0	0	0	0	0	0	0	0	0	0	0	
0	0	0	0	0	0	0	0	0	0	0	0	0	0	0	0	0	0	0	0	0	0	0	0	0	0	0	0	0	0	
0	0	0	0	0	0	0	0	0	0	0	0	0	0	0	0	0	0	0	0	0	0	0	0	0	0	0	0	0	8	

Mapa: lianas30b.txt | ALGORITMO BÁSICO
1	0	0	0	0	80	0	0	0	117	0	0	0	0	0	0	0	39	112	176	0	0	0	0	0	73	81	0	118	0	
0	0	0	0	0	0	247	0	0	0	0	0	0	0	0	0	0	43	0	0	89	0	162	0	163	164	101	0	0	0	
0	0	0	0	0	0	0	0	0	0	0	0	32	206	0	0	0	0	113	0	242	0	0	0	0	0	114	0	23	33	
0	0	129	0	0	0	248	0	0	0	0	0	0	205	0	130	0	0	0	0	0	236	0	216	0	0	0	237	119	0	
0	145	0	0	0	0	244	0	0	58	0	151	0	69	138	0	0	0	0	0	243	0	0	57	152	70	0	0	146	0	
227	0	126	229	0	0	0	0	197	0	0	0	124	0	0	0	167	0	0	177	0	0	125	0	230	166	228	238	196	123	
0	188	127	0	0	0	0	0	0	0	0	0	0	0	259	50	0	0	187	0	0	0	0	0	0	0	0	260	0	261	
0	0	0	0	0	0	0	0	0	11	0	0	0	0	0	0	0	40	0	0	0	0	0	0	231	0	82	0	0	0	
108	0	0	106	0	0	251	0	0	0	0	0	0	0	0	0	86	0	109	0	0	0	0	0	0	0	0	0	0	107	
225	219	128	0	0	0	0	0	0	0	0	4	0	220	0	0	218	0	0	0	0	0	0	217	0	0	0	0	0	5	
0	0	0	173	174	0	0	0	0	0	0	0	172	0	0	0	0	0	110	175	0	0	254	0	0	0	83	171	0	6	
0	0	0	0	0	0	0	0	0	0	0	0	30	0	0	133	0	0	0	0	0	0	0	0	0	0	0	0	0	0	
0	0	0	0	0	0	0	0	0	0	210	0	0	208	211	51	0	52	0	178	0	0	255	53	0	0	209	0	0	0	
0	0	0	104	0	0	0	0	0	0	0	0	0	0	0	0	0	41	0	0	0	0	0	0	155	0	0	0	0	0	
0	0	0	180	0	0	75	0	0	59	0	0	36	207	0	46	0	44	111	179	0	0	182	0	0	74	45	0	0	181	
0	0	0	0	0	0	76	193	0	0	0	0	0	0	0	0	0	0	0	0	0	0	77	215	0	0	0	0	0	7	
0	0	99	105	0	0	0	135	0	0	0	0	0	0	0	134	0	0	0	0	0	0	0	0	0	0	100	0	121	122	
226	0	0	0	0	0	249	0	0	0	0	0	0	0	0	0	0	0	0	0	0	0	0	0	0	0	0	0	22	0	
0	0	160	0	0	91	0	0	0	0	0	158	169	0	139	0	168	0	0	0	90	159	161	54	156	157	0	170	0	0	
0	200	0	103	0	0	0	0	198	60	0	0	0	0	0	47	0	0	0	201	0	61	199	55	154	0	102	0	0	0	
0	144	0	0	0	0	252	136	0	0	19	0	0	142	137	0	0	0	0	0	0	0	253	0	143	165	0	18	20	0	
0	0	0	0	0	0	0	0	203	0	0	0	31	204	0	240	0	0	0	202	241	0	0	0	0	0	0	239	120	0	
0	189	0	0	0	0	0	0	0	0	0	0	190	0	212	48	0	0	0	0	0	0	0	213	0	0	0	0	0	0	
0	0	98	0	95	0	0	0	0	96	0	150	35	0	149	0	87	42	0	0	88	0	0	0	153	0	97	0	148	34	
0	0	257	0	0	0	245	194	0	116	0	0	0	0	258	0	0	0	0	0	0	0	256	0	0	0	115	0	195	0	
26	0	0	28	0	79	246	63	0	0	0	0	29	68	0	131	66	25	0	0	64	62	78	0	67	71	27	0	24	65	
0	0	0	0	14	0	0	192	16	12	0	0	191	0	0	0	0	0	0	13	15	0	0	0	0	0	0	17	21	0	
224	222	0	0	0	0	250	0	0	223	0	0	37	221	0	0	0	38	0	0	0	0	0	214	0	72	0	0	147	8	
2	0	0	0	94	92	0	0	0	10	0	3	0	141	140	132	0	0	93	0	0	0	0	0	0	0	0	0	0	9	
0	0	0	0	0	234	0	0	0	233	0	0	0	185	0	49	85	0	186	0	0	235	183	56	232	184	84	0	0	262	

Mapa: lianas30b.txt | ALGORITMO ÓPTIMO
1	0	0	0	0	0	0	0	0	0	0	0	0	0	0	0	0	0	0	0	0	0	0	0	0	0	0	0	2	0	
0	0	0	0	0	0	0	0	0	0	0	0	0	0	0	0	0	0	0	0	0	0	0	0	0	0	0	0	0	0	
0	0	0	0	0	0	0	0	0	0	0	0	0	0	0	0	0	0	0	0	0	0	0	0	0	0	0	0	0	0	
0	0	0	0	0	0	0	0	0	0	0	0	0	0	0	0	0	0	0	0	0	0	0	0	0	0	0	0	3	0	
0	0	0	0	0	0	0	0	0	0	0	0	0	0	0	0	0	0	0	0	0	0	0	0	0	0	0	0	0	0	
0	0	0	0	0	0	0	0	0	0	0	0	0	0	0	0	0	0	0	0	0	0	0	0	0	0	0	0	0	0	
0	0	0	0	0	0	0	0	0	0	0	0	0	0	0	0	0	0	0	0	0	0	0	0	0	0	0	0	0	0	
0	0	0	0	0	0	0	0	0	0	0	0	0	0	0	0	0	0	0	0	0	0	0	0	0	0	0	0	0	0	
0	0	0	0	0	0	0	0	0	0	0	0	0	0	0	0	0	0	0	0	0	0	0	0	0	0	0	0	0	0	
0	0	0	0	0	0	0	0	0	0	0	0	0	0	0	0	0	0	0	0	0	0	0	0	0	0	0	0	0	0	
0	0	0	0	0	0	0	0	0	0	0	0	0	0	0	0	0	0	0	0	0	0	0	0	0	0	0	0	0	0	
0	0	0	0	0	0	0	0	0	0	0	0	0	0	0	0	0	0	0	0	0	0	0	0	0	0	0	0	0	0	
0	0	0	0	0	0	0	0	0	0	0	0	0	0	0	0	0	0	0	0	0	0	0	0	0	0	0	0	0	0	
0	0	0	0	0	0	0	0	0	0	0	0	0	0	0	0	0	0	0	0	0	0	0	0	0	0	0	0	0	0	
0	0	0	0	0	0	0	0	0	0	0	0	0	0	0	0	0	0	0	0	0	0	0	0	0	0	0	0	0	0	
0	0	0	0	0	0	0	0	0	0	0	0	0	0	0	0	0	0	0	0	0	0	0	0	0	0	0	0	0	0	
0	0	0	0	0	0	0	0	0	0	0	0	0	0	0	0	0	0	0	0	0	0	0	0	0	0	0	6	5	0	
0	0	0	0	0	0	0	0	0	0	0	0	0	0	0	0	0	0	0	0	0	0	0	0	0	0	0	7	0	0	
0	0	0	0	0	0	0	0	0	0	0	0	0	0	0	0	0	0	0	0	0	0	0	0	0	0	0	0	0	0	
0	0	0	0	0	0	0	0	0	0	0	0	0	0	0	0	0	0	0	0	0	0	0	0	0	0	0	0	0	0	
0	0	0	0	0	0	0	0	0	0	0	0	0	0	0	0	0	0	0	0	0	0	0	0	0	0	0	0	0	0	
0	0	0	0	0	0	0	0	0	0	0	0	0	0	0	0	0	0	0	0	0	0	0	0	0	0	0	0	4	0	
0	0	0	0	0	0	0	0	0	0	0	0	0	0	0	0	0	0	0	0	0	0	0	0	0	0	0	0	0	0	
0	0	0	0	0	0	0	0	0	0	0	0	0	0	0	0	0	0	0	0	0	0	0	0	0	0	0	0	0	0	
0	0	0	0	0	0	0	0	0	0	0	0	0	0	0	0	0	0	0	0	0	0	0	0	0	0	0	0	0	0	
0	0	0	0	0	0	0	0	0	0	0	0	0	0	0	0	0	0	0	0	0	0	0	0	0	0	0	0	0	0	
0	0	0	0	0	0	0	0	0	0	0	0	0	0	0	0	0	0	0	0	0	0	0	0	0	0	0	0	0	0	
0	0	0	0	0	0	0	0	0	0	0	0	0	0	0	0	0	0	0	0	0	0	0	0	0	0	0	0	0	0	
0	0	0	0	0	0	0	0	0	0	0	0	0	0	0	0	0	0	0	0	0	0	0	0	0	0	0	0	0	0	
0	0	0	0	0	0	0	0	0	0	0	0	0	0	0	0	0	0	0	0	0	0	0	0	0	0	0	8	0	9	

================ RESUMEN DE TRAYECTORIA ================

Mapa: lianas10.txt
  [BÁSICO] Saltos: 26 | Tiempo: 0.0083953 ms
  Trayectoria: (0,0) -> (2,0) -> (5,0) -> (8,0) -> (8,6) -> (0,6) -> (0,7) -> (5,7) -> (5,1) -> (5,8) -> (9,8) -> (9,5) -> (0,5) -> (4,5) -> (4,0) -> (4,1) -> (4,8) -> (4,3) -> (2,3) -> (7,3) -> (8,3) -> (5,3) -> (5,4) -> (8,4) -> (9,4) -> (9,0) -> (9,9)
  [ÓPTIMO] Saltos: 8 | Tiempo: 0.420251 ms
  Trayectoria: (0,0) -> (2,0) -> (5,0) -> (5,3) -> (5,4) -> (8,4) -> (9,4) -> (9,0) -> (9,9)

Mapa: lianas10b.txt
  [BÁSICO] Saltos: 17 | Tiempo: 0.0085374 ms
  Trayectoria: (0,0) -> (2,0) -> (2,9) -> (2,1) -> (5,1) -> (5,6) -> (0,6) -> (4,6) -> (4,7) -> (6,7) -> (6,4) -> (6,1) -> (7,1) -> (1,1) -> (9,1) -> (9,3) -> (9,5) -> (9,9)
  [ÓPTIMO] Saltos: 10 | Tiempo: 0.175965 ms
  Trayectoria: (0,0) -> (2,0) -> (2,9) -> (2,1) -> (5,1) -> (0,1) -> (1,1) -> (9,1) -> (9,3) -> (9,5) -> (9,9)

Mapa: lianas10ss.txt
  [BÁSICO] Saltos: 0 | Tiempo: 195.643 ms
  Trayectoria: Ruta vacía. NO TIENE SOLUCION
  [ÓPTIMO] Saltos: 0 | Tiempo: 229.948 ms
  Trayectoria: Ruta vacía. NO TIENE SOLUCION

Mapa: lianas12.txt
  [BÁSICO] Saltos: 15 | Tiempo: 144.234 ms
  Trayectoria: (0,0) -> (3,0) -> (9,0) -> (9,5) -> (1,5) -> (1,8) -> (3,8) -> (3,9) -> (11,9) -> (11,0) -> (11,10) -> (11,3) -> (0,3) -> (0,11) -> (1,11) -> (11,11)
  [ÓPTIMO] Saltos: 4 | Tiempo: 176.629 ms
  Trayectoria: (0,0) -> (0,3) -> (0,11) -> (1,11) -> (11,11)

Mapa: lianas15.txt
  [BÁSICO] Saltos: 4 | Tiempo: 0.0011382 ms
  Trayectoria: (0,0) -> (10,0) -> (10,14) -> (4,14) -> (14,14)
  [ÓPTIMO] Saltos: 4 | Tiempo: 0.0059689 ms
  Trayectoria: (0,0) -> (10,0) -> (10,14) -> (4,14) -> (14,14)

Mapa: lianas20.txt
  [BÁSICO] Saltos: 35 | Tiempo: 0.0078552 ms
  Trayectoria: (0,0) -> (0,14) -> (5,14) -> (14,14) -> (19,14) -> (19,2) -> (19,15) -> (19,10) -> (19,11) -> (19,18) -> (11,18) -> (11,3) -> (11,12) -> (19,12) -> (19,9) -> (2,9) -> (7,9) -> (9,9) -> (16,9) -> (3,9) -> (6,9) -> (5,9) -> (5,7) -> (5,5) -> (7,5) -> (9,5) -> (9,18) -> (16,18) -> (16,0) -> (16,10) -> (16,11) -> (16,1) -> (16,8) -> (16,19) -> (1,19) -> (19,19)
  [ÓPTIMO] Saltos: 7 | Tiempo: 1.03639 ms
  Trayectoria: (0,0) -> (0,14) -> (0,19) -> (0,4) -> (4,4) -> (4,15) -> (4,19) -> (19,19)

Mapa: lianas20b.txt
  [BÁSICO] Saltos: 105 | Tiempo: 0.13689 ms
  Trayectoria: (0,0) -> (5,0) -> (5,19) -> (18,19) -> (18,0) -> (18,13) -> (18,7) -> (3,7) -> (5,7) -> (13,7) -> (17,7) -> (17,13) -> (2,13) -> (2,5) -> (5,5) -> (8,5) -> (16,5) -> (16,16) -> (16,0) -> (16,11) -> (2,11) -> (2,1) -> (11,1) -> (18,1) -> (6,1) -> (4,1) -> (7,1) -> (7,19) -> (7,6) -> (7,9) -> (7,3) -> (7,17) -> (18,17) -> (2,17) -> (9,17) -> (10,17) -> (13,17) -> (13,3) -> (13,12) -> (18,12) -> (10,12) -> (10,0) -> (10,16) -> (19,16) -> (19,9) -> (19,14) -> (19,6) -> (19,12) -> (3,12) -> (11,12) -> (0,12) -> (1,12) -> (1,0) -> (11,0) -> (11,5) -> (11,16) -> (15,16) -> (9,16) -> (17,16) -> (17,10) -> (17,15) -> (8,15) -> (14,15) -> (14,5) -> (14,4) -> (14,11) -> (14,0) -> (14,8) -> (1,8) -> (3,8) -> (3,18) -> (3,0) -> (17,0) -> (13,0) -> (13,18) -> (7,18) -> (7,8) -> (17,8) -> (17,12) -> (15,12) -> (15,17) -> (1,17) -> (1,15) -> (0,15) -> (0,14) -> (9,14) -> (16,14) -> (16,6) -> (16,17) -> (16,4) -> (9,4) -> (11,4) -> (11,11) -> (19,11) -> (19,0) -> (19,15) -> (4,15) -> (13,15) -> (13,4) -> (12,4) -> (12,10) -> (3,10) -> (13,10) -> (10,10) -> (19,10) -> (19,19)
  [ÓPTIMO] Saltos: 11 | Tiempo: 3.91375 ms
  Trayectoria: (0,0) -> (0,5) -> (0,16) -> (0,12) -> (0,11) -> (5,11) -> (11,11) -> (3,11) -> (10,11) -> (10,10) -> (19,10) -> (19,19)

Mapa: lianas20c.txt
  [BÁSICO] Saltos: 112 | Tiempo: 0.0334083 ms
  Trayectoria: (0,0) -> (19,0) -> (19,18) -> (19,6) -> (19,9) -> (19,17) -> (19,10) -> (8,10) -> (13,10) -> (13,12) -> (18,12) -> (19,12) -> (3,12) -> (5,12) -> (16,12) -> (0,12) -> (11,12) -> (17,12) -> (17,15) -> (19,15) -> (19,3) -> (19,5) -> (14,5) -> (14,11) -> (1,11) -> (4,11) -> (16,11) -> (18,11) -> (0,11) -> (0,19) -> (8,19) -> (15,19) -> (4,19) -> (4,1) -> (12,1) -> (14,1) -> (14,17) -> (14,8) -> (0,8) -> (5,8) -> (19,8) -> (19,14) -> (19,7) -> (19,16) -> (2,16) -> (0,16) -> (18,16) -> (18,19) -> (2,19) -> (7,19) -> (3,19) -> (6,19) -> (6,5) -> (17,5) -> (8,5) -> (1,5) -> (1,13) -> (8,13) -> (13,13) -> (13,4) -> (13,15) -> (8,15) -> (15,15) -> (16,15) -> (5,15) -> (5,2) -> (17,2) -> (17,11) -> (17,0) -> (17,19) -> (17,16) -> (17,3) -> (0,3) -> (0,18) -> (7,18) -> (12,18) -> (5,18) -> (5,3) -> (6,3) -> (6,16) -> (6,17) -> (6,15) -> (6,13) -> (15,13) -> (15,2) -> (18,2) -> (18,7) -> (18,6) -> (18,5) -> (16,5) -> (16,7) -> (16,3) -> (16,9) -> (6,9) -> (12,9) -> (12,2) -> (19,2) -> (11,2) -> (1,2) -> (1,3) -> (2,3) -> (8,3) -> (8,4) -> (8,14) -> (8,1) -> (6,1) -> (9,1) -> (9,6) -> (9,11) -> (9,0) -> (9,9) -> (9,19) -> (19,19)
  [ÓPTIMO] Saltos: 5 | Tiempo: 4.71197 ms
  Trayectoria: (0,0) -> (0,19) -> (8,19) -> (1,19) -> (9,19) -> (19,19)

Mapa: lianas20d.txt
  [BÁSICO] Saltos: 24 | Tiempo: 0.0038166 ms
  Trayectoria: (0,0) -> (1,0) -> (11,0) -> (16,0) -> (16,11) -> (2,11) -> (2,1) -> (11,1) -> (18,1) -> (18,13) -> (18,19) -> (18,0) -> (5,0) -> (5,19) -> (5,12) -> (12,12) -> (13,12) -> (18,12) -> (10,12) -> (10,0) -> (10,16) -> (19,16) -> (19,9) -> (19,14) -> (19,19)
  [ÓPTIMO] Saltos: 7 | Tiempo: 0.873346 ms
  Trayectoria: (0,0) -> (0,1) -> (0,19) -> (4,19) -> (4,12) -> (19,12) -> (19,14) -> (19,19)

Mapa: lianas25.txt
  [BÁSICO] Saltos: 59 | Tiempo: 0.0170269 ms
  Trayectoria: (0,0) -> (15,0) -> (4,0) -> (7,0) -> (16,0) -> (22,0) -> (22,15) -> (22,4) -> (22,10) -> (23,10) -> (23,12) -> (23,14) -> (6,14) -> (6,21) -> (23,21) -> (23,13) -> (9,13) -> (9,21) -> (19,21) -> (19,0) -> (19,15) -> (19,12) -> (19,20) -> (19,13) -> (19,19) -> (19,10) -> (3,10) -> (6,10) -> (13,10) -> (18,10) -> (18,14) -> (18,2) -> (18,11) -> (18,16) -> (13,16) -> (13,3) -> (13,24) -> (19,24) -> (8,24) -> (1,24) -> (5,24) -> (5,1) -> (23,1) -> (23,19) -> (23,6) -> (0,6) -> (3,6) -> (4,6) -> (4,10) -> (4,21) -> (21,21) -> (21,4) -> (8,4) -> (8,7) -> (20,7) -> (20,19) -> (24,19) -> (24,20) -> (24,8) -> (24,24)
  [ÓPTIMO] Saltos: 7 | Tiempo: 2.61973 ms
  Trayectoria: (0,0) -> (0,15) -> (14,15) -> (14,6) -> (9,6) -> (24,6) -> (24,10) -> (24,24)

Mapa: lianas30.txt
  [BÁSICO] Saltos: 7 | Tiempo: 0.0010608 ms
  Trayectoria: (0,0) -> (4,0) -> (8,0) -> (8,29) -> (9,29) -> (15,29) -> (23,29) -> (29,29)
  [ÓPTIMO] Saltos: 7 | Tiempo: 0.0342255 ms
  Trayectoria: (0,0) -> (4,0) -> (8,0) -> (8,29) -> (9,29) -> (15,29) -> (23,29) -> (29,29)

Mapa: lianas30b.txt
  [BÁSICO] Saltos: 261 | Tiempo: 0.068681 ms
  Trayectoria: (0,0) -> (28,0) -> (28,11) -> (9,11) -> (9,29) -> (10,29) -> (15,29) -> (27,29) -> (28,29) -> (28,9) -> (7,9) -> (26,9) -> (26,19) -> (26,4) -> (26,20) -> (26,8) -> (26,27) -> (20,27) -> (20,10) -> (20,28) -> (26,28) -> (17,28) -> (2,28) -> (25,28) -> (25,17) -> (25,0) -> (25,26) -> (25,3) -> (25,12) -> (11,12) -> (21,12) -> (2,12) -> (2,29) -> (23,29) -> (23,12) -> (14,12) -> (27,12) -> (27,17) -> (0,17) -> (7,17) -> (13,17) -> (23,17) -> (1,17) -> (14,17) -> (14,26) -> (14,15) -> (19,15) -> (22,15) -> (29,15) -> (6,15) -> (12,15) -> (12,17) -> (12,23) -> (18,23) -> (19,23) -> (29,23) -> (4,23) -> (4,9) -> (14,9) -> (19,9) -> (19,21) -> (25,21) -> (25,7) -> (25,20) -> (25,29) -> (25,16) -> (25,24) -> (25,13) -> (4,13) -> (4,25) -> (25,25) -> (27,25) -> (0,25) -> (14,25) -> (14,6) -> (15,6) -> (15,22) -> (25,22) -> (25,5) -> (0,5) -> (0,26) -> (7,26) -> (10,26) -> (29,26) -> (29,16) -> (8,16) -> (23,16) -> (23,20) -> (1,20) -> (18,20) -> (18,5) -> (28,5) -> (28,18) -> (28,4) -> (23,4) -> (23,9) -> (23,26) -> (23,2) -> (16,2) -> (16,26) -> (1,26) -> (19,26) -> (19,3) -> (13,3) -> (16,3) -> (8,3) -> (8,29) -> (8,0) -> (8,18) -> (10,18) -> (14,18) -> (0,18) -> (2,18) -> (2,26) -> (24,26) -> (24,9) -> (0,9) -> (0,28) -> (3,28) -> (21,28) -> (16,28) -> (16,29) -> (5,29) -> (5,12) -> (5,22) -> (5,2) -> (6,2) -> (9,2) -> (3,2) -> (3,15) -> (25,15) -> (28,15) -> (11,15) -> (16,15) -> (16,7) -> (20,7) -> (20,14) -> (4,14) -> (18,14) -> (28,14) -> (28,13) -> (20,13) -> (20,24) -> (20,1) -> (4,1) -> (4,28) -> (27,28) -> (23,28) -> (23,14) -> (23,11) -> (4,11) -> (4,24) -> (23,24) -> (19,24) -> (13,24) -> (18,24) -> (18,25) -> (18,11) -> (18,21) -> (18,2) -> (18,22) -> (1,22) -> (1,24) -> (1,25) -> (20,25) -> (5,25) -> (5,16) -> (18,16) -> (18,12) -> (18,27) -> (10,27) -> (10,12) -> (10,3) -> (10,4) -> (10,19) -> (0,19) -> (5,19) -> (12,19) -> (14,19) -> (14,3) -> (14,29) -> (14,22) -> (29,22) -> (29,25) -> (29,13) -> (29,18) -> (6,18) -> (6,1) -> (22,1) -> (22,12) -> (26,12) -> (26,7) -> (15,7) -> (24,7) -> (24,28) -> (5,28) -> (5,8) -> (19,8) -> (19,22) -> (19,1) -> (19,19) -> (21,19) -> (21,8) -> (21,13) -> (3,13) -> (2,13) -> (14,13) -> (12,13) -> (12,26) -> (12,10) -> (12,14) -> (22,14) -> (22,23) -> (27,23) -> (15,23) -> (3,23) -> (9,23) -> (9,16) -> (9,1) -> (9,13) -> (27,13) -> (27,1) -> (27,9) -> (27,0) -> (9,0) -> (17,0) -> (5,0) -> (5,26) -> (5,3) -> (5,24) -> (7,24) -> (29,24) -> (29,9) -> (29,5) -> (29,21) -> (3,21) -> (3,27) -> (5,27) -> (21,27) -> (21,15) -> (21,20) -> (2,20) -> (4,20) -> (4,6) -> (24,6) -> (25,6) -> (1,6) -> (3,6) -> (17,6) -> (27,6) -> (8,6) -> (20,6) -> (20,22) -> (10,22) -> (12,22) -> (24,22) -> (24,2) -> (24,14) -> (6,14) -> (6,27) -> (6,29) -> (29,29)
  [ÓPTIMO] Saltos: 8 | Tiempo: 21.6706 ms
  Trayectoria: (0,0) -> (0,28) -> (3,28) -> (21,28) -> (16,28) -> (16,27) -> (17,27) -> (29,27) -> (29,29)
================ TABLA PARA EL LIDER SUPREMO (OMAR) ================

MAPA                 SALTOS(B)       TIEMPO(B)ms   SALTOS(O)       TIEMPO(O)ms      GENERADOS(O)     PODADOS(O)
---------------------------------------------------------------------------------------------
lianas10.txt                26            0.0084           8            0.4203      1917.0000       657.0000
lianas10b.txt               17            0.0085          10            0.1760       785.0000       264.0000
lianas10ss.txt               0          195.6429           0          229.9478   1090343.0000         0.0000
lianas12.txt                15          144.2337           4          176.6292    804201.0000      2198.0000
lianas15.txt                 4            0.0011           4            0.0060        25.0000        10.0000
lianas20.txt                35            0.0079           7            1.0364      5642.0000      2500.0000
lianas20b.txt              105            0.1369          11            3.9138     21342.0000      7697.0000
lianas20c.txt              112            0.0334           5            4.7120     24156.0000      9473.0000
lianas20d.txt               24            0.0038           7            0.8733      5154.0000      2146.0000
lianas25.txt                59            0.0170           7            2.6197     15213.0000      6877.0000
lianas30.txt                 7            0.0011           7            0.0342       218.0000       108.0000
lianas30b.txt              261            0.0687           8           21.6706    114105.0000     47608.0000
