 15 24 23 10 17 7  3  15 12 21 12 10 16 8  7  14 6  21 23 22 1  5  16 3  24
 22 22 12 24 10 12 15 9  10 24 1  17 3  16 5  23 4  14 15 11 21 5  17 17 4 
 15 18 8  6  20 8  4  18 19 3  3  6  17 12 16 17 13 9  20 4  13 18 8  2  9 
 19 23 14 11 15 17 1  8  1  6  3  8  9  21 2  12 24 8  4  11 24 21 23 8  16
 3  20 10 10 22 19 4  20 8  15 11 1  15 18 2  21 21 9  6  18 11 17 17 19 21
 3  18 17 1  2  9  3  21 18 13 19 13 16 15 21 6  1  21 21 19 22 17 16 7  23
 9  18 15 1  12 12 3  6  5  4  7  13 7  4  7  19 23 19 11 13 15 17 14 12 13
 9  10 6  24 16 4  8  9  19 8  21 6  11 2  10 14 9  23 20 12 5  15 10 24 1 
 23 15 17 13 3  6  21 12 11 20 4  15 4  13 9  11 9  15 21 11 1  11 19 23 7 
 7  4  21 17 4  22 15 19 15 4  21 20 24 8  7  20 11 21 23 23 6  10 8  21 7 
 19 21 18 13 20 24 20 24 21 12 3  18 3  21 8  6  17 3  6  1  10 1  12 7  24
 11 12 10 18 9  17 13 6  10 1  1  9  21 24 5  8  3  23 10 24 6  16 17 9  21
 17 18 22 5  24 22 15 12 7  9  21 23 21 2  8  22 3  17 18 3  22 2  5  21 11
 5  3  2  21 11 23 14 5  20 18 5  17 9  17 24 18 13 23 14 15 6  12 17 23 6 
 19 21 7  24 17 18 5  19 20 1  6  18 15 11 14 9  15 6  17 8  6  11 21 4  24
 11 10 12 4  8  17 22 5  24 22 21 17 2  16 13 3  21 6  17 7  19 2  22 1  19
 6  7  5  2  10 5  12 19 16 16 3  9  13 7  8  11 4  1  13 20 13 15 16 18 8 
 23 13 9  21 14 4  2  20 8  3  5  12 15 24 4  6  2  12 19 9  20 6  13 20 18
 8  8  9  24 2  16 23 15 1  19 4  5  21 24 12 23 5  24 14 4  4  20 6  16 15
 15 11 20 3  7  14 11 14 22 10 16 14 8  6  15 3  9  19 23 9  7  21 13 6  11
 17 10 7  23 1  21 13 12 17 16 18 6  2  8  3  12 23 17 19 4  7  21 13 1  19
 21 7  16 10 13 3  2  23 9  24 23 6  13 11 22 4  4  3  6  12 6  17 11 22 12
 15 5  8  3  6  3  24 12 19 10 1  22 11 23 7  11 22 12 23 8  10 3  12 12 8 
 23 18 24 9  16 11 23 21 19 2  2  22 2  14 17 11 14 14 22 13 20 8  10 8  7 
 18 17 9  5  5  16 4  22 16 13 14 3  11 10 22 13 11 19 15 1  12 1  14 2  22
