 0  10  19  14  53  47  30  97  5  95  65  65  55  15  58  36  62  14  95  95 
 10  0  77  61  71  73  48  3  98  7  94  15  40  49  26  60  64  95  95  95 
 19  77  0  75  12  89  40  78  44  55  35  80  17  49  11  2  95  95  73  99 
 14  61  75  0  20  76  97  28  70  11  68  19  37  27  83  95  95  78  92  46 
 53  71  12  20  0  66  31  23  9  86  59  90  2  8  95  95  33  75  79  32 
 47  73  89  76  66  0  95  55  28  22  24  39  91  95  95  17  26  94  51  3 
 30  48  40  97  31  95  0  85  98  70  15  21  95  95  80  69  3  88  71  9 
 97  3  78  28  23  55  85  0  21  45  88  95  95  42  81  63  66  20  53  8 
 5  98  44  70  9  28  98  21  0  98  95  95  91  21  38  75  19  7  90  40 
 95  7  55  11  86  22  70  45  98  0  95  91  19  56  95  7  26  3  28  95 
 65  94  35  68  59  24  15  88  95  95  0  92  82  12  33  63  76  100  83  29 
 65  15  80  19  90  39  21  95  95  91  92  0  7  80  100  42  70  21  80  45 
 55  40  17  37  2  91  95  95  91  19  82  7  0  40  88  35  81  74  26  0 
 15  49  49  27  8  95  95  42  21  56  12  80  40  0  29  20  7  56  24  36 
 58  26  11  83  95  95  80  81  38  95  33  100  88  29  0  28  15  18  40  49 
 36  60  2  95  95  17  69  63  75  7  63  42  35  20  28  0  81  15  48  63 
 62  64  95  95  33  26  3  66  19  26  76  70  81  7  15  81  0  44  56  43 
 14  95  95  78  75  94  88  20  7  3  100  21  74  56  18  15  44  0  44  99 
 95  95  73  92  79  51  71  53  90  28  83  80  26  24  40  48  56  44  0  13 
 95  95  99  46  32  3  9  8  40  95  29  45  0  36  49  63  43  99  13  0 
 
