 19 12 15 15 17 16 16 1  5  1  9  8  11 3  12 17 18 2  7  8 
 7  11 1  1  16 8  10 2  3  5  11 3  16 7  17 14 4  14 15 8 
 14 5  15 6  7  8  3  6  10 10 13 16 1  13 16 17 2  6  19 5 
 11 10 7  8  17 5  2  1  19 17 9  13 2  5  19 9  12 3  14 3 
 12 8  18 12 2  15 9  3  2  8  8  12 18 15 19 16 19 2  17 18
 18 6  12 1  10 11 10 3  14 4  5  6  11 3  17 13 18 7  15 19
 15 3  11 13 18 11 9  17 12 6  16 11 12 9  12 2  1  2  4  14
 6  9  19 17 12 17 10 10 5  6  9  19 9  19 13 7  11 3  5  4 
 9  2  15 1  10 7  3  11 9  7  5  15 15 5  13 7  3  4  16 7 
 9  5  7  18 5  19 5  16 2  10 19 11 11 14 11 2  2  13 12 10
 19 16 6  15 2  18 2  4  3  18 11 11 4  17 10 9  17 15 5  19
 5  4  10 16 17 1  17 18 14 9  9  14 6  15 9  7  14 11 11 16
 10 2  7  13 19 17 2  16 12 7  15 16 11 6  12 8  6  9  7  1 
 18 16 14 5  11 3  11 6  14 3  2  4  5  9  16 5  6  18 1  17
 6  16 13 16 3  6  5  8  14 12 8  13 8  3  17 19 5  9  5  19
 11 6  3  16 15 19 1  1  18 2  17 5  18 11 1  1  16 5  8  11
 17 16 4  6  18 2  5  4  10 10 4  2  16 6  17 11 6  17 12 5 
 19 9  9  17 19 9  17 16 14 6  7  11 3  11 16 2  13 2  6  3 
 12 9  5  9  15 2  1  1  19 12 5  18 1  13 15 1  3  13 17 16
 18 5  8  2  15 5  3  9  6  8  11 18 16 15 7  12 17 7  12 17
