 1  18 4  11 9  11 4  12 5  16 16 5  1  14 9  1  4  18 15 4
 10 4  4  19 1  16 17 16 2  7  10 7  12 13 17 1  4  2  12 9 
 17 9  13 18 4  3  18 7  1  14 5  10 17 8  10 18 4  7  14 5 
 14 4  12 6  17 9  7  2  10 19 10 7  8  3  6  11 6  5  18 7 
 18 3  17 16 10 7  14 14 14 8  19 8  15 11 14  9  19 1  10 7 
 19 19 16 7  3  3  18 8  7  16 15 6  7 12 2  9  18 15 3  7
 3  2  1  14 12 14 4  11 15 13 1  14 13 17 1  15 19 19 4  7 
 15 18 13 14 11 14 3  10 10 6  3  13 7  4  8  18 18 11 10 13
 5  11 7  17 9  8  13 9  7  16 15 3  15 9  17 6  3  19 15 13
 5  18 6  12 2  14 11 19 5  2  13 10 12 19 7  1  8  1  9  15
 16 5  18 12 13 15 18 16 15 14 9  1  12 15 12 14 9  3  14 14
 5  7  4  16 7  11 17 15 11 6  10 8  11 8  19 5  4  18 1  18
 12 10 18 5  6  11 18 14 14 13 9  18 1  12 15 7  3  12 3  13
 18 12 1  9  1  1  14 4  18 15 3  11 5  2  15 11 13 14 6  7 
 8  14 6  8  7  1  15 9  13 17 3  11 10 4  1  10 4  14 14 3 
 9  17 13 14 19 9  5  12 4  10 19 11 5  6  19 11 6  14 1  19
 11 3  10 1  7  11 11 10 5  6  13 14 4  7  8  3  16 13 14 19
 4  14 11 8  19 10 18 6  4  19 5  15 2  15 16 9  6  8  19 11
 13 12 5  17 19 13 19 15 6  14 14 9  8  6  17 8  15 16 13 19
 15 17 14 17 12 10 6  18 17 5  9  11 2  13 5  15 7  8  11 12
