 14 5  15 9  4  16 5  8  17 14 7  13 7  14 5  15 1  9  6  15
 15 10 5  19 18 10 17 10 14 4  10 9  9  5  17 12 2  3  19 18
 16 7  12 4  1  17 19 2  7  5  17 2  15 3  1  14 12 17 4  7 
 2  13 16 11 18 13 3  19 15 3  18 12 9  11 15 10 8  14 11 14
 18 9  16 14 11 17 8  3  15 11 10 16 5  6  8  4  19 10 4  15
 12 3  7  2  13 2  11 2  15 2  16 14 10 12 9  1  10 16 4  5 
 8  14 2  13 1  9  16 19 19 1  15 11 3  2  13 16 4  4  18 18
 6  14 13 16 7  2  17 16 18 2  2  6  15 3  19 16 12 16 16 11
 16 11 3  19 13 15 15 16 18 13 14 5  8  8  1  15 9  17 11 8 
 19 13 14 14 16 13 11 8  9  7  19 5  18 2  4  11 17 19 7  16
 13 2  1  1  9  2  15 18 18 7  6  18 1  19 12 16 13 4  4  2 
 10 3  7  9  5  11 19 2  10 6  17 4  8  17 5  16 18 1  15 17
 8  2  15 8  2  8  4  14 12 8  15 2  11 3  10 15 13 10 17 4 
 15 14 7  3  12 12 19 11 12 15 9  19 16 5  8  17 13 11 11 5 
 18 7  7  10 9  16 5  2  7  2  6  2  16 12 5  8  5  5  19 16
 19 8  16 15 12 4  13 5  15 4  10 14 11 16 4  19 13 8  2  19
 10 7  2  6  19 6  14 4  11 13 1  10 2  16 6  13 1  18 18 15
 3  9  10 13 5  13 13 17 2  14 16 11 2  17 17 1  4  11 5  14
 5  6  5  6  2  10 19 3  8  17 18 10 6  8  4  11 1  16 8  3 
 10 5  13 12 2  11 13 6  3  17 1  7  3  5  12 5  14 11 8  3 
